4
6
12
14
12
14
20
22
20
22
28
30
28
30
36
38
36
38
44
46
44
46
52
54
52
54
60
62
60
62
68
70
68
70
76
78
76
78
84
86
84
86
92
94
92
94
100
102
100
102
108
110
108
110
116
118
116
118
124
126
124
126
132
134
4
6
12
14
12
14
20
22
20
22
28
30
28
30
36
38
36
38
44
46
44
46
52
54
52
54
60
62
60
62
68
70
68
70
76
78
76
78
84
86
84
86
92
94
92
94
100
102
100
102
108
110
108
110
116
118
116
118
124
126
124
126
132
134
4
6
12
14
12
14
20
22
20
22
28
30
28
30
36
38
36
38
44
46
44
46
52
54
52
54
60
62
60
62
68
70
68
70
76
78
76
78
84
86
84
86
92
94
92
94
100
102
100
102
108
110
108
110
116
118
116
118
124
126
124
126
132
134
4
6
12
14
12
14
20
22
20
22
28
30
28
30
36
38
36
38
44
46
44
46
52
54
52
54
60
62
60
62
68
70
68
70
76
78
76
78
84
86
84
86
92
94
92
94
100
102
100
102
108
110
108
110
116
118
116
118
124
126
124
126
132
134
4
6
12
14
12
14
20
22
20
22
28
30
28
30
36
38
36
38
44
46
44
46
52
54
52
54
60
62
60
62
68
70
68
70
76
78
76
78
84
86
84
86
92
94
92
94
100
102
100
102
108
110
108
110
116
118
116
118
124
126
124
126
132
134
4
6
12
14
12
14
20
22
20
22
28
30
28
30
36
38
36
38
44
46
44
46
52
54
52
54
60
62
60
62
68
70
68
70
76
78
76
78
84
86
84
86
92
94
92
94
100
102
100
102
108
110
108
110
116
118
116
118
124
126
124
126
132
134
4
6
12
14
12
14
20
22
20
22
28
30
28
30
36
38
36
38
44
46
44
46
52
54
52
54
60
62
60
62
68
70
68
70
76
78
76
78
84
86
84
86
92
94
92
94
100
102
100
102
108
110
108
110
116
118
116
118
124
126
124
126
132
134
4
6
12
14
12
14
20
22
20
22
28
30
28
30
36
38
36
38
44
46
44
46
52
54
52
54
60
62
60
62
68
70
68
70
76
78
76
78
84
86
84
86
92
94
92
94
100
102
100
102
108
110
108
110
116
118
116
118
124
126
124
126
132
134
4
6
12
14
12
14
20
22
20
22
28
30
28
30
36
38
36
38
44
46
44
46
52
54
52
54
60
62
60
62
68
70
68
70
76
78
76
78
84
86
84
86
92
94
92
94
100
102
100
102
108
110
108
110
116
118
116
118
124
126
124
126
132
134
4
6
12
14
12
14
20
22
20
22
28
30
28
30
36
38
36
38
44
46
44
46
52
54
52
54
60
62
60
62
68
70
68
70
76
78
76
78
84
86
84
86
92
94
92
94
100
102
100
102
108
110
108
110
116
118
116
118
124
126
124
126
132
134
4
6
12
14
12
14
20
22
20
22
28
30
28
30
36
38
36
38
44
46
44
46
52
54
52
54
60
62
60
62
68
70
68
70
76
78
76
78
84
86
84
86
92
94
92
94
100
102
100
102
108
110
108
110
116
118
116
118
124
126
124
126
132
134
4
6
12
14
12
14
20
22
20
22
28
30
28
30
36
38
36
38
44
46
44
46
52
54
52
54
60
62
60
62
68
70
68
70
76
78
76
78
84
86
84
86
92
94
92
94
100
102
100
102
108
110
108
110
116
118
116
118
124
126
124
126
132
134
4
6
12
14
12
14
20
22
20
22
28
30
28
30
36
38
36
38
44
46
44
46
52
54
52
54
60
62
60
62
68
70
68
70
76
78
76
78
84
86
84
86
92
94
92
94
100
102
100
102
108
110
108
110
116
118
116
118
124
126
124
126
132
134
4
6
12
14
12
14
20
22
20
22
28
30
28
30
36
38
36
38
44
46
44
46
52
54
52
54
60
62
60
62
68
70
68
70
76
78
76
78
84
86
84
86
92
94
92
94
100
102
100
102
108
110
108
110
116
118
116
118
124
126
124
126
132
134
4
6
12
14
12
14
20
22
20
22
28
30
28
30
36
38
36
38
44
46
44
46
52
54
52
54
60
62
60
62
68
70
68
70
76
78
76
78
84
86
84
86
92
94
92
94
100
102
100
102
108
110
108
110
116
118
116
118
124
126
124
126
132
134
4
6
12
14
12
14
20
22
20
22
28
30
28
30
36
38
36
38
44
46
44
46
52
54
52
54
60
62
60
62
68
70
68
70
76
78
76
78
84
86
84
86
92
94
92
94
100
102
100
102
108
110
108
110
116
118
116
118
124
126
124
126
132
134
Validation failed on function 0! Expected 1423455394 but got 1508013388 at B[0][1]
